0 # auxiliary node
(0, 43, "to_decomp1", 0)
(43, 1, "to_rm1", 0)
(43, 15, "to_rm2", 0)
(43, 29, "to_rm3", 0)
(1, 2, 'a1hq', 0) 
(2, 1, '!a1hq', 0) 
(1, 3, 'a2hq', 0) 
(3, 1, '!a2hq', 0)
(1, 4, 'a3hq', 0)
(4, 1, '!a3hq', 0)
(2, 5, 'a3hq', 0) 
(5, 2, '!a3hq', 0) 
(2, 7, 'a2hq', 0) 
(7, 2, '!a2hq', 0)
(3, 7, 'a1hq', 0) 
(7, 3, '!a1hq', 0) 
(3, 6, 'a3hq', 0)
(6, 3, '!a3hq', 0)
(4, 5, 'a1hq', 0) 
(5, 4, '!a1hq', 0) 
(4, 6, 'a2hq', 0) 
(6, 4, '!a2hq', 0)
(5, 8, 'sig', 0)
(6, 8, 'sig', 0)
(7, 8, 'sig', 0)
(8, 9, 'y', 0)
(8, 10, 'g', 0)
(8, 11, 'r', 0)
(9, 12, 'r', 0)
(9, 13, 'g', 0)
(10, 11, 'r', 0)
(12, 14, 'g', 1)
(13, 14, 'r', 1)
(15, 16, 'a1hq', 0) 
(16, 15, '!a1hq', 0) 
(15, 17, 'a2hq', 0) 
(17, 15, '!a2hq', 0)
(15, 18, 'a3hq', 0)
(18, 15, '!a3hq', 0)
(16, 19, 'a3hq', 0) 
(19, 16, '!a3hq', 0) 
(16, 21, 'a2hq', 0) 
(21, 16, '!a2hq', 0)
(17, 21, 'a1hq', 0) 
(21, 17, '!a1hq', 0) 
(17, 20, 'a3hq', 0)
(20, 17, '!a3hq', 0)
(18, 19, 'a1hq', 0) 
(19, 18, '!a1hq', 0) 
(18, 20, 'a2hq', 0) 
(20, 18, '!a2hq', 0)
(19, 22, 'sig', 0)
(20, 22, 'sig', 0)
(21, 22, 'sig', 0)
(22, 23, 'y', 0)
(22, 24, 'g', 0)
(22, 25, 'r', 0)
(23, 26, 'r', 0)
(23, 27, 'g', 0)
(24, 25, 'r', 0)
(26, 28, 'g', 1)
(27, 28, 'r', 1)
(29, 30, 'a1hq', 0) 
(30, 29, '!a1hq', 0) 
(29, 31, 'a2hq', 0) 
(31, 29, '!a2hq', 0)
(29, 32, 'a3hq', 0)
(32, 29, '!a3hq', 0)
(30, 33, 'a3hq', 0) 
(33, 30, '!a3hq', 0) 
(30, 35, 'a2hq', 0) 
(35, 30, '!a2hq', 0)
(31, 35, 'a1hq', 0) 
(35, 31, '!a1hq', 0) 
(31, 34, 'a3hq', 0)
(34, 31, '!a3hq', 0)
(32, 33, 'a1hq', 0) 
(33, 32, '!a1hq', 0) 
(32, 34, 'a2hq', 0) 
(34, 32, '!a2hq', 0)
(33, 36, 'sig', 0)
(34, 36, 'sig', 0)
(35, 36, 'sig', 0)
(36, 37, 'y', 0)
(36, 38, 'g', 0)
(36, 39, 'r', 0)
(37, 40, 'r', 0)
(37, 41, 'g', 0)
(38, 39, 'r', 0)
(40, 42, 'g', 1)
(41, 42, 'r', 1)
